0.000000 0.000000 0.000249 0.006184 0.028288
0.000000 0.000000 0.000719 0.009458 0.034580
0.000000 0.000000 0.002196 0.016886 0.047596
0.000000 0.000067 0.005995 0.030166 0.068075
0.000000 0.000503 0.014736 0.051648 0.096889
0.000000 0.002719 0.032733 0.083961 0.134774
0.000000 0.011484 0.065893 0.129537 0.182038
0.000000 0.038479 0.120565 0.189814 0.238273
0.000000 0.103239 0.201224 0.264593 0.302145
0.000000 0.224227 0.307665 0.351505 0.371296
0.000000 0.400263 0.433303 0.445902 0.442413
1.000000 0.599737 0.565773 0.541259 0.511406
1.000000 0.775773 0.690094 0.629994 0.573827
1.000000 0.896694 0.792781 0.704515 0.625299
1.000000 0.961017 0.864699 0.758232 0.662000
1.000000 0.985797 0.901373 0.786346 0.681102
1.000000 0.985797 0.901373 0.786346 0.681102
1.000000 0.961017 0.864699 0.758232 0.662000
1.000000 0.896694 0.792781 0.704515 0.625299
1.000000 0.775773 0.690094 0.629994 0.573827
1.000000 0.599737 0.565773 0.541259 0.511406
0.000000 0.400263 0.433303 0.445902 0.442413
0.000000 0.224227 0.307665 0.351505 0.371296
0.000000 0.103239 0.201224 0.264593 0.302145
0.000000 0.038479 0.120565 0.189814 0.238273
0.000000 0.011484 0.065893 0.129537 0.182038
0.000000 0.002719 0.032733 0.083961 0.134774
0.000000 0.000503 0.014736 0.051648 0.096889
0.000000 0.000067 0.005995 0.030166 0.068075
0.000000 0.000000 0.002196 0.016886 0.047596
0.000000 0.000000 0.000719 0.009458 0.034580
0.000000 0.000000 0.000249 0.006184 0.028288
