1.527281032460919974e+01 1.509996149577385971e+01 1.414213562373095145e+00
2.191407767328523803e+01 1.546123039026150714e+01 1.414213562373095145e+00
1.954769548985978034e+01 1.608775963502651152e+01 1.414213562373095145e+00
3.161666380045023317e+01 1.691834402757559275e+01 1.414213562373095145e+00
3.438262842891988669e+01 1.690025184258741930e+01 1.414213562373095145e+00
3.613186342795636108e+01 1.712911935941783170e+01 1.414213562373095145e+00
1.547985349868578631e+01 1.809600897330791369e+01 1.414213562373095145e+00
2.271265911562102957e+01 1.793820645016569415e+01 1.414213562373095145e+00
1.768790909059251604e+01 2.019855581320766547e+01 1.414213562373095145e+00
2.109009591392980099e+01 2.081003180357896909e+01 1.414213562373095145e+00
3.233594808081745242e+01 2.155152901153689982e+01 1.414213562373095145e+00
3.461168690860759511e+01 2.104880665669222495e+01 1.414213562373095145e+00
3.804364847939481820e+01 2.126119996787529232e+01 1.414213562373095145e+00
1.784554107687119284e+01 2.183729919764381933e+01 1.414213562373095145e+00
2.966075125406576518e+01 2.217370718132623963e+01 1.414213562373095145e+00
2.088588912202515857e+01 2.260510030601836107e+01 1.414213562373095145e+00
3.862262247363573664e+01 2.284409994058264814e+01 1.414213562373095145e+00
3.380549368238878571e+01 2.454925585143303479e+01 1.414213562373095145e+00
3.605606029450169103e+01 2.495426814988805120e+01 1.414213562373095145e+00
2.791603332020125450e+01 3.085615517655881845e+01 1.414213562373095145e+00
3.009954467083651508e+01 3.148885776874077536e+01 1.414213562373095145e+00
2.524803849224285202e+01 3.144015901156115689e+01 1.414213562373095145e+00
3.180326236777039384e+01 3.276590681162199559e+01 1.414213562373095145e+00
2.725588498254805003e+01 3.391412131177381895e+01 1.414213562373095145e+00
2.941478035920366807e+01 3.478374974716375334e+01 1.414213562373095145e+00
2.368058020997938584e+01 3.611467342809755365e+01 1.414213562373095145e+00
2.845762781238455119e+01 3.614008386468840683e+01 1.414213562373095145e+00
3.083606634747016884e+01 3.809891000385118076e+01 1.414213562373095145e+00
2.699678152549551768e+01 3.899611379728658278e+01 1.414213562373095145e+00
8.269584370639760706e+00 4.286704270958139773e+01 1.414213562373095145e+00
5.445101757354952277e+00 4.415121918634492459e+01 1.414213562373095145e+00
1.036200926151177626e+01 4.345344028592007390e+01 1.414213562373095145e+00
1.164497992915093860e+01 4.628995127336207815e+01 1.414213562373095145e+00
4.934553862897189447e+00 4.794094681460194352e+01 1.414213562373095145e+00
7.526948211690734247e+00 4.895199293805121954e+01 1.414213562373095145e+00
9.990244422836733307e+00 4.878433623170381139e+01 1.414213562373095145e+00
5.181099176612381285e+01 4.948790812839808950e+01 1.414213562373095145e+00
4.845823303204539911e+01 5.123807509871613064e+01 1.414213562373095145e+00
5.476405450257665564e+01 5.115854412503836102e+01 1.414213562373095145e+00
5.131629151404266764e+01 5.413088328591076248e+01 1.414213562373095145e+00
5.311461707573398883e+01 5.390331898926338283e+01 1.414213562373095145e+00
