2.280000000000000249e+00 2.800000000000000266e+00
2.419999999999999929e+00 2.800000000000000266e+00
2.560000000000000053e+00 8.160000000000000142e+00
2.700000000000000178e+00 8.640000000000000568e+00
2.839999999999999858e+00 8.800000000000000711e+00
2.979999999999999982e+00 9.599999999999999645e+00
3.120000000000000107e+00 9.839999999999999858e+00
3.260000000000000231e+00 9.919999999999999929e+00
3.400000000000000355e+00 1.032000000000000028e+01
3.540000000000000036e+00 1.104000000000000092e+01
3.680000000000000160e+00 1.151999999999999957e+01
3.820000000000000284e+00 1.200000000000000000e+01
3.959999999999999964e+00 1.256000000000000050e+01
4.099999999999999645e+00 1.296000000000000085e+01
4.240000000000000213e+00 1.304000000000000092e+01
4.380000000000000782e+00 1.328000000000000114e+01
4.520000000000000462e+00 1.351999999999999957e+01
4.660000000000000142e+00 1.375999999999999979e+01
4.800000000000000711e+00 1.400000000000000000e+01
4.940000000000000391e+00 1.432000000000000028e+01
5.080000000000000071e+00 1.424000000000000021e+01
5.220000000000000639e+00 1.408000000000000007e+01
5.360000000000000320e+00 1.871999999999999886e+01
5.640000000000000568e+00 1.616000000000000014e+01
